3 0.44453125 0.8259493670886076 0.8890625 0.34810126582278483
3 0.3364285714285714 0.47663380582939596 0.21737327188940095 0.07959711446849058
3 0.9587327188940092 0.46008283264306127 0.08253456221198156 0.02588422874253829
3 0.7882027649769585 0.4089054813432111 0.11432027649769579 0.014264325575064631
7 0.25864055299539174 0.3598436679694336 0.5130990783410139 0.02471757179801274
7 0.6634677419354839 0.375959089229812 0.2900576036866359 0.0471173851329017
7 0.6487096774193549 0.4872426063116141 0.539135944700461 0.08950592078399348
6 0.17336405529953916 0.40607439382449595 0.17915898617511522 0.0705749674308269
6 0.48478110599078345 0.42545645452954556 0.4396082949308756 0.029244200742771596
6 0.5589055299539171 0.3830368080265998 0.2583870967741936 0.04621517042913527
6 0.25915898617511524 0.3698769176923526 0.35283410138248855 0.01311322405646616
6 0.8927534562211982 0.7178517956794805 0.2144930875576037 0.12565673063835567
6 0.891705069124424 0.6195881700985825 0.21658986175115205 0.11893678663788906