0 0.5272829131652662 0.5451517273576096 0.07519782913165259 0.09206349206349203
2 0.18396183473389355 0.514654528478058 0.18823879551820727 0.09162464985994401
0 0.13533788515406162 0.47854808590102704 0.05446428571428572 0.06285014005602238
0 0.2262482492997199 0.4259827264239029 0.04179446778711489 0.04854808590102711
0 0.014644607843137255 0.48304855275443515 0.02928921568627451 0.06790149393090571
0 0.029947478991596638 0.42455648926237166 0.03619922969187676 0.04437908496732028
6 0.1897198879551821 0.5580695611577965 0.37746498599439776 0.020492530345471494
6 0.3860224089635855 0.5009010270774977 0.15500175070028016 0.09253034547152197
6 0.43851190476190477 0.44011904761904763 0.07437500000000004 0.024537815126050452
3 0.45800945378151264 0.41467086834733896 0.053147759103641515 0.02460550887021474
1 0.3464495798319328 0.34847805788982267 0.06696953781512605 0.19235060690943043
3 0.19037815126050422 0.39606676003734825 0.06384278711484596 0.01786647992530348
7 0.23365371148459388 0.40517973856209155 0.1780374649859944 0.012205882352941207
6 0.27034663865546216 0.37444677871148463 0.09148634453781516 0.025562558356676018
6 0.42255077030812327 0.3864145658263306 0.08095588235294113 0.010217086834733873
3 0.5551733193277311 0.3879505135387488 0.1290038515406163 0.008025210084033556
7 0.601328781512605 0.36798085901027083 0.03274509803921575 0.02600606909430437
7 0.7284401260504203 0.5231162464985996 0.17935399159663862 0.18489495798319322
3 0.7401225490196078 0.42366713352007473 0.1967962184873949 0.009691876750700245
6 0.9207107843137257 0.45641456582633055 0.1581267507002803 0.08308590102707747
6 0.7522163865546219 0.3815756302521009 0.16865896358543422 0.07030578898225955
7 0.32532738095238095 0.796125116713352 0.6506547619047619 0.05697245564892626
7 0.7492577030812326 0.6988095238095239 0.23796393557422962 0.15964519140989733
3 0.05733193277310925 0.39089635854341737 0.09087359943977591 0.014271708683473367