7 0.5 0.8473879551820729 1 0.12773576097105513
7 0.051517857142857136 0.5402404295051354 0.09877801120448179 0.0296732026143791
7 0.9233193277310925 0.5689028944911297 0.15301120448179262 0.09153828197945847
7 0.492109593837535 0.4981022408963585 0.28002801120448184 0.008951914098972936
7 0.7590388655462186 0.46958683473389357 0.06116596638655469 0.02908963585434172
6 0.34532738095238097 0.6375676937441644 0.6906530112044819 0.04501867413632112
6 0.6534628851540616 0.5876307189542483 0.06799544817927164 0.13353641456582632
6 0.4589023109243698 0.5229295051353875 0.3379289215686274 0.013211951447245577
6 0.05045343137254902 0.5989775910364146 0.10090686274509804 0.042740429505135326
6 0.9081127450980393 0.47823529411764715 0.18377275910364155 0.06482959850606905
0 0.8634506302521009 0.6445098039215686 0.07742121848739494 0.09089402427637717
0 0.4195413165266107 0.5663398692810457 0.04733018207282917 0.056580298786181045
0 0.3059418767507003 0.599108309990663 0.054427521008403354 0.06563958916900083
0 0.25888830532212886 0.5473856209150327 0.03906862745098039 0.048391690009337116
0 0.2720185574229692 0.513359010270775 0.031127450980392178 0.038288982259570524
0 0.29885854341736695 0.5640662931839402 0.04270308123249302 0.0517273576097106
0 0.45011029411764714 0.515795985060691 0.03381302521008411 0.03822595704948644
2 0.5123686974789916 0.603468720821662 0.1437272408963585 0.08377917833800197
3 0.6470973389355742 0.509187675070028 0.03414740896358541 0.02217320261437905
3 0.3783648459383754 0.49007936507936506 0.052128851540616285 0.014190009337068214
3 0.25813025210084034 0.4829481792717087 0.040929621848739474 0.004229691876750745
3 0.9267471988795519 0.5258356676003735 0.14650385154061638 0.008564425770308167
3 0.7156670168067227 0.48302287581699344 0.1290738795518207 0.0061367880485528065
5 0.1622391456582633 0.3996825396825397 0.10045693277310926 0.12456582633053219
1 0.5630917366946779 0.39527777777777773 0.03935224089635856 0.05445611577964525