0 0.3723144257703081 0.7214449112978526 0.08870273109243695 0.10986694677871138
0 0.20274509803921567 0.6564402427637722 0.07595063025210083 0.08814425770308129
0 0.0841264005602241 0.5975070028011203 0.05583683473389356 0.07295985060690953
0 0.37800770308123244 0.48582399626517275 0.037051820728291315 0.04189075630252101
0 0.45154236694677874 0.5252684407096172 0.0440423669467787 0.06103874883286645
0 0.5431127450980393 0.5407889822595705 0.053480392156862774 0.060343137254901966
0 0.5728781512605042 0.4713515406162465 0.03596813725490193 0.042822128851540596
0 0.6465056022408964 0.5757936507936507 0.06051820728291322 0.06568394024276382
0 0.6719800420168067 0.5286461251167133 0.043188025210084115 0.05542483660130717
7 0.4999124649859944 0.8630975723622784 0.9998249299719888 0.14617180205415511
7 0.10047969187675072 0.5814402427637722 0.1989495798319328 0.14629551820728295
7 0.5229796918767508 0.4501820728291317 0.28571428571428575 0.025336134453781512
7 0.2765703781512605 0.44535480859010274 0.014131652661064465 0.013538748832866432
7 0.49451680672268905 0.39548319327731096 0.2670028011204481 0.02746965452847808
7 0.95390625 0.453125 0.0921875 0.027083333333333334
7 0.7753974089635853 0.4083520074696546 0.0099177170868348 0.012457983193277282
6 0.13688900560224088 0.4661414565826331 0.26774509803921565 0.11945611577964522
6 0.32404411764705887 0.5776890756302522 0.12516981792717088 0.17525210084033607
6 0.6292209383753502 0.6221942110177404 0.7415563725490198 0.09696778711484602
6 0.5167454481792717 0.4795424836601308 0.3014023109243698 0.039019607843137294
6 0.8836414565826332 0.5170728291316526 0.23271708683473386 0.11112745098039221
6 0.4056022408963586 0.4228338001867414 0.03286064425770312 0.026402894491129796
6 0.527703081232493 0.42873015873015874 0.2167244397759104 0.01757002801120452
6 0.6147899159663865 0.4060714285714286 0.04094187675070025 0.02856676003734826
6 0.8836414565826332 0.3962838468720822 0.23271708683473386 0.04385387488328665
2 0.880295868347339 0.5523342670401494 0.0892629551820729 0.08779178338001875
5 0.7168697478991597 0.3807259570494865 0.07817051820728285 0.1307329598506069
3 0.27707983193277314 0.4973716153127918 0.16599264705882355 0.026134453781512572
3 0.204968487394958 0.45178804855275445 0.12032212885154063 0.010056022408963609
3 0.95625 0.4354166666666667 0.0875 0.020833333333333332