0 0.5851365546218488 0.7547875816993465 0.09399684873949585 0.11928104575163398
0 0.3326435574229692 0.7119584500466855 0.07628151260504205 0.10025443510737636
0 0.13780812324929972 0.6665102707749766 0.06321603641456583 0.08075163398692808
0 0.3800350140056023 0.5288538748832867 0.03719712885154065 0.0458053221288516
0 0.497935924369748 0.5583590102707751 0.042750350140055994 0.05721988795518206
0 0.6019135154061626 0.5634757236227824 0.05044642857142865 0.06031279178338001
0 0.7423967086834733 0.5889355742296919 0.0622496498599439 0.06839635854341732
0 0.5768347338935575 0.4998225957049486 0.03633928571428573 0.04485994397759103
0 0.7328466386554623 0.5421778711484594 0.055644257703081304 0.06293417366946776
7 0.5234375 0.9 0.95 0.2
7 0.09027661064425771 0.6815429505135387 0.18055322128851542 0.24078898225957038
7 0.5046848739495798 0.4815266106442577 0.31770483193277316 0.060793650793650754
7 0.21929621848739494 0.4896848739495798 0.027776610644257717 0.03674603174603171
7 0.440889355742297 0.43599439775910365 0.26786239495798314 0.042579365079365064
7 0.6334016106442577 0.4225350140056023 0.050358893557423026 0.01304855275443515
3 0.14008228291316527 0.5128197945845004 0.13232668067226894 0.02416900093370676
3 0.35964985994397763 0.49528944911297856 0.02809873949579833 0.028814192343604123
3 0.6328396358543418 0.444750233426704 0.05224964985994394 0.012535014005602226
3 0.6826190476190476 0.46956349206349207 0.09113620448179276 0.020114379084967264
6 0.3976943277310925 0.6255042016806722 0.09723389355742298 0.1776750700280111
5 0.9021638655462185 0.38385154061624654 0.046498599439775745 0.13147525676937435
1 0.6865493697478992 0.3646615312791784 0.042345938375350126 0.05812558356676002
6 0.68984375 0.640625 0.6203125 0.16041666666666668
6 0.8520395658263306 0.5161998132586368 0.29592086834733883 0.08949813258636788
3 0.2651680672268908 0.5487511671335201 0.19696953781512602 0.039712885154061676
3 0.9668049719887956 0.4422549019607843 0.06639005602240892 0.01710084033613448
7 0.5084786414565826 0.48548552754435115 0.26278011204481794 0.04722689075630247
6 0.08984243697478991 0.5138071895424837 0.17262429971988796 0.09996265172735767
6 0.8578125 0.4197916666666667 0.284375 0.03125
6 0.5135521708683474 0.5111367880485528 0.3255077030812325 0.0644934640522876
7 0.9349667366946779 0.46200980392156865 0.13006652661064422 0.028739495798319345