7 0.19538690476190476 0.6137138188608777 0.17470063025210086 0.18587535014005596
7 0.15232843137254903 0.737422969187675 0.08091736694677873 0.05047619047619042
7 0.30859593837535015 0.814327731092437 0.16901085434173665 0.05722689075630261
7 0.7113970588235294 0.7878478057889822 0.5772058823529411 0.1194514472455649
7 0.5790073529411764 0.46598272642390287 0.2931687675070028 0.030217086834733918
7 0.3124282212885154 0.4627170868347339 0.02086309523809522 0.027415966386554656
7 0.5290178571428572 0.4282889822595705 0.2544660364145658 0.023907563025210028
7 0.7194152661064426 0.42315359477124187 0.06278011204481793 0.012504668534080329
0 0.26953256302521006 0.5769584500466853 0.050621498599439804 0.07268674136321186
0 0.45810049019607846 0.61546918767507 0.06711134453781505 0.08901493930905696
0 0.7019082633053222 0.649077964519141 0.09079131652661072 0.10954715219421113
0 0.8451260504201681 0.5426493930905696 0.06210084033613441 0.06475957049486467
0 0.8300682773109245 0.5086904761904762 0.05299544817927178 0.05986461251167133
0 0.47271883753501404 0.4931699346405229 0.03507352941176478 0.04049719887955187
0 0.5934401260504202 0.5160434173669467 0.047176120448179225 0.05823062558356676
0 0.7016439075630252 0.5226937441643323 0.05349789915966383 0.05986227824463122
0 0.6672391456582634 0.47403127917833804 0.03545693277310917 0.03956816059757232
6 0.49959733893557423 0.566687675070028 0.10458683473389349 0.12683706816059756
6 0.7481617647058825 0.5896895424836601 0.5036764705882353 0.08159430438842202
6 0.9039740896358543 0.48663632119514477 0.19205182072829138 0.04609943977591039
6 0.6252048319327732 0.48278478057889823 0.2797023809523809 0.03139589169000937
6 0.13042717086834735 0.5072852474323063 0.2608543417366947 0.13175303454715212
6 0.4336344537815126 0.4527124183006536 0.031859243697478945 0.02043650793650791
6 0.5572443977591036 0.4531512605042017 0.21191876750700284 0.022366946778711493
6 0.6349719887955183 0.43436974789915966 0.05777836134453782 0.018692810457516394
6 0.5152240896358544 0.43349673202614375 0.18193277310924377 0.017994864612511683
6 0.903781512605042 0.421265172735761 0.192436974789916 0.018697478991596603
3 0.2403186274509804 0.47739028944911305 0.12189950980392154 0.01300653594771243
3 0.36105567226890756 0.5073109243697479 0.18318977591036417 0.027621381886087804
3 0.44320553221288517 0.46941876750700284 0.02806722689075638 0.016720354808590087
3 0.7191614145658265 0.4400490196078432 0.06071428571428576 0.013627450980392197
3 0.7673249299719889 0.4547875816993464 0.07841561624649858 0.018034547152194234
3 0.9828125 0.45 0.034375 0.0125