7 0.72734375 0.7354166666666667 0.5453125 0.0875
7 0.22932598039215685 0.7332049486461252 0.34965161064425765 0.0932142857142857
7 0.03986169467787115 0.6348926237161532 0.0797233893557423 0.11858076563958922
7 0.1438637955182073 0.4655788982259571 0.26779761904761906 0.20032212885154063
7 0.533328081232493 0.3492413632119515 0.38015231092436974 0.015816993464052232
0 0.4065231092436975 0.5494070961718021 0.07560574229691874 0.09725723622782449
6 0.7148091736694677 0.49523576097105515 0.5703799019607843 0.03320261437908497
6 0.4541386554621849 0.44120214752567694 0.06897058823529409 0.14363445378151266
6 0.6238007703081233 0.3706465919701214 0.40829481792717087 0.008431372549019637
6 0.9058123249299721 0.4059243697478992 0.18837359943977602 0.08193744164332403
6 0.08893557422969188 0.3640102707749767 0.17565651260504203 0.07275676937441643
6 0.5763147759103642 0.3291666666666667 0.8293067226890758 0.01109943977591037
5 0.2965651260504202 0.2374766573295985 0.01887780112044819 0.07267740429505137
1 0.9499369747899159 0.2451237161531279 0.02305147058823529 0.08222222222222222
3 0.7749194677871148 0.35340102707749765 0.08649159663865547 0.024857609710550933
3 0.9520640756302521 0.3339005602240897 0.08156337535014017 0.018368347338935585
3 0.9863077731092437 0.3673482726423903 0.027384453781512618 0.0056022408963585235
0 0.5849947478991597 0.406671335200747 0.04525735294117652 0.05633520074696546
0 0.6162745098039216 0.36981325863678804 0.032771358543417325 0.04237161531279175
0 0.5707860644257703 0.3834757236227825 0.03617471988795522 0.04587535014005605
0 0.46645483193277315 0.39019374416433245 0.0442559523809523 0.03743930905695609
0 0.32512605042016807 0.3670028011204482 0.028685224089635853 0.041746031746031774
0 0.40579656862745095 0.3529458450046686 0.03131127450980391 0.03549486461251163
0 0.49003676470588237 0.3385760971055089 0.02405287114845933 0.03299253034547149
0 0.7559576330532213 0.3557563025210084 0.03043592436974798 0.03924369747899163
0 0.8450595238095238 0.3924626517273576 0.04051470588235304 0.04706115779645188