0 0.18347689075630252 0.4607936507936508 0.05440301120448179 0.060275443510737624
6 0.3719677871148459 0.5657656395891689 0.743933823529412 0.07759570494864618
7 0.4992454481792718 0.8507889822595706 0.9984891456582634 0.2984197012138189
3 0.833714985994398 0.5313281979458451 0.23974964985994401 0.03261671335200743
0 0.4871813725490196 0.4465079365079365 0.04060924369747898 0.048618113912231566
0 0.42533088235294114 0.40463818860877687 0.03185224089635863 0.0387371615312792
0 0.25923494397759106 0.4168650793650794 0.037743347338935605 0.04712885154061629
0 0.1916859243697479 0.43208216619981327 0.04687324929971988 0.051589635854341745
0 0.13722864145658265 0.3752894491129785 0.030954131652661053 0.03946778711484598
0 0.033634453781512606 0.4475280112044818 0.06120798319327732 0.06000466853408035
0 0.013583683473389358 0.390499533146592 0.027167366946778716 0.04351540616246498
2 0.02336309523809524 0.5069864612511671 0.04672443977591036 0.07912698412698417
6 0.6087394957983193 0.4826003734827264 0.2811257002801121 0.13174836601307185
6 0.25629726890756305 0.41784313725490196 0.47883578431372553 0.013471055088702144
6 0.03359375 0.44479166666666664 0.0671875 0.06875