0 0.46977065826330533 0.7745168067226892 0.1272181372549019 0.18893557422969184
0 0.5864408263305323 0.5370681605975725 0.05346988795518204 0.06382586367880491
0 0.5493942577030813 0.5079038281979459 0.045829831932773145 0.05591036414565824
0 0.5883508403361344 0.4923646125116713 0.04124824929971993 0.046223155929038265
0 0.7247916666666667 0.48637955182072834 0.03341736694677877 0.04494397759103646
0 0.8573179271708684 0.5322268907563026 0.04640406162464998 0.05414565826330537
2 0.46031162464986003 0.57671802054155 0.1435959383753501 0.11650326797385618
0 0.3323179271708684 0.46528011204481795 0.038583683473389384 0.04930438842203545
5 0.22378151260504203 0.39693510737628385 0.07716561624649858 0.30716386554621855
7 0.09142507002801122 0.5454435107376284 0.17949404761904758 0.15326330532212892
6 0.767732843137255 0.6637044817927171 0.46453431372549014 0.04623015873015864
6 0.4832948179271709 0.6616900093370681 0.10300070028011206 0.04488562091503259
0 0.42424544817927173 0.4523646125116713 0.02918942577030812 0.042257236227824416
3 0.8824247198879552 0.4783660130718955 0.09233543417366938 0.034089635854341674
6 0.9433560924369748 0.51703081232493 0.05797794117647044 0.025525210084033627
3 0.951139705882353 0.5068253968253968 0.04938900560224084 0.020147058823529445
6 0.810891106442577 0.5166736694677871 0.04428921568627446 0.035548552754435116
6 0.9259751400560224 0.5547152194211018 0.09005427170868359 0.05043183940242765
7 0.5586484593837535 0.4677754435107377 0.2319712885154061 0.022009803921568625
3 0.6926400560224091 0.4782259570494864 0.031334033613445375 0.026071428571428613
3 0.7631442577030813 0.4924159663865547 0.036244747899159616 0.015163398692810404
6 0.6586169467787115 0.5005228758169935 0.0937710084033613 0.008930905695611576
0 0.43819677871148466 0.5205252100840335 0.0483368347338935 0.05744164332399624
6 0.382405462184874 0.5090732959850607 0.047885154061624614 0.034537815126050475
7 0.28813200280112045 0.45771942110177405 0.04421743697478995 0.019934640522875805
7 0.38086834733893565 0.4609080298786182 0.054733893557422995 0.022485994397759158