4 0.65359418767507 0.3468417366946779 0.046685924369747944 0.35599206349206347
7 0.733718487394958 0.7667320261437908 0.532563025210084 0.1733636788048552
3 0.5552643557422969 0.5846008403361345 0.18265581232492992 0.20126050420168068
3 0.2450980392156863 0.4405859010270775 0.2170868347338936 0.0719561157796452
3 0.4332983193277311 0.3308309990662932 0.08578431372549015 0.03919234360410826
3 0.5861922268907562 0.34795284780578906 0.09045343137254899 0.02675070028011201
3 0.6851067927170869 0.3569047619047619 0.03968312324929979 0.030646591970121408
6 0.840625 0.5354166666666667 0.31875 0.13333333333333333
6 0.8764005602240896 0.37714519140989733 0.24719887955182074 0.05245564892623721
7 0.9096638655462185 0.33550186741363214 0.1806722689075631 0.03919467787114842
7 0.45722514005602244 0.3946661998132586 0.1896586134453781 0.10150326797385614
0 0.23313550420168067 0.3506816059757236 0.04259978991596638 0.046211484593837567
0 0.34763480392156865 0.32556022408963586 0.030730042016806715 0.035947712418300644
0 0.25491071428571427 0.2942483660130719 0.023261554621848736 0.024540149393090616
0 0.1932370448179272 0.32071895424836605 0.03307773109243697 0.029682539682539637
0 0.04321428571428572 0.33950746965452855 0.040332633053221295 0.03652661064425769
0 0.022514005602240893 0.32812091503267976 0.027102591036414568 0.0342413632119514
0 0.05697829131652661 0.3053501400560224 0.028168767507002805 0.0262558356676004
6 0.06594187675070029 0.41549019607843135 0.13060399159663866 0.06557422969187669
6 0.08557422969187675 0.3323669467787115 0.03414390756302521 0.008590102707749736
6 0.2942839635854342 0.331531279178338 0.07639880952380951 0.025695611577964548
6 0.30559523809523814 0.3678197945845005 0.08621498599439778 0.014619514472455701
6 0.22193977591036415 0.3891619981325864 0.08280112044817925 0.010985060690943035
6 0.7027398459383754 0.39571428571428574 0.03798669467787121 0.022607376283846865