7 0.3483193277310924 0.8652334267040149 0.36970238095238095 0.26953314659197003
7 0.47855042016806726 0.46357142857142863 0.3235434173669468 0.08556489262371621
7 0.15537114845938374 0.34228758169934637 0.31074054621848746 0.020280112044817975
7 0.4458473389355742 0.35902894491129783 0.20272584033613442 0.04275676937441648
3 0.3751978291316527 0.6732609710550886 0.38097514005602245 0.1956886087768441
3 0.26535364145658263 0.4708333333333333 0.16934348739495803 0.06857376283846874
3 0.7198879551820727 0.4425093370681606 0.17635854341736695 0.047170868347338885
3 0.5229639355742297 0.39301587301587304 0.04110469187675072 0.017336601307189524
6 0.7828125 0.6833333333333333 0.434375 0.2
6 0.7099159663865546 0.519593837535014 0.237685574229692 0.11882119514472453
6 0.9068242296918767 0.4826470588235294 0.18635154061624667 0.053564425770308094
6 0.10438200280112046 0.40581465919701215 0.20876400560224093 0.07722222222222222
6 0.3622373949579832 0.41591269841269846 0.30251400560224095 0.05308590102707752
6 0.40262254901960787 0.3694934640522876 0.2049352240896359 0.051372549019607895
6 0.15423319327731094 0.35792250233426703 0.3084663865546219 0.02330298786181141
6 0.6736274509803921 0.37380018674136317 0.6527450980392155 0.11170401493930911
6 0.17547443977591035 0.32443277310924373 0.3509488795518207 0.015431839402427627
4 0.5876995798319328 0.32307189542483655 0.05420693277310917 0.10876050420168065
0 0.18973039215686277 0.3471732026143791 0.019627100840336142 0.026402894491129796
0 0.19008228291316526 0.3602100840336135 0.019789915966386573 0.030863678804855254
0 0.26656512605042015 0.35635620915032684 0.021472338935574254 0.03108076563958922
0 0.32910889355742295 0.38693277310924373 0.030399159663865572 0.0384920634920635
0 0.3288655462184874 0.35884220354808594 0.026130952380952355 0.02956816059757242
0 0.3152766106442577 0.3391783380018674 0.02002275910364144 0.026260504201680728
0 0.4068242296918768 0.34288748832866484 0.01833858543417364 0.025753968253968296
0 0.45918417366946784 0.37595004668534077 0.024725140056022353 0.03280578898225954
7 0.9739705882352941 0.4528501400560224 0.052057072829131815 0.018944911297852467