7 0.18376575630252107 0.8315826330532213 0.322015056022409 0.33683473389355734
7 0.4366789215686275 0.46773809523809523 0.34989670868347333 0.0383823529411765
7 0.1515528711484594 0.3183566760037348 0.30310399159663864 0.03633986928104574
7 0.4067857142857143 0.3584080298786182 0.1356740196078432 0.04676937441643325
3 0.2657020308123249 0.6434500466853409 0.4271130952380953 0.14022875816993477
3 0.21489145658263306 0.44401727357609716 0.15167191876750702 0.0712091503267974
3 0.6833788515406163 0.4773622782446312 0.1635346638655463 0.05806956115779644
3 0.5655514705882353 0.4120961718020542 0.03603641456582629 0.013237628384687264
4 0.5193837535014005 0.3311227824463119 0.060161064425770225 0.1108029878618114
6 0.74296875 0.7520833333333333 0.5140625 0.31666666666666665
6 0.6511257002801121 0.5507539682539683 0.27478116246498596 0.08871148459383751
6 0.090406162464986 0.3759126984126985 0.16922268907563026 0.08178338001867415
6 0.32190126050420176 0.4070728291316527 0.29809523809523814 0.015345471521942145
6 0.3825455182072829 0.37385387488328664 0.1721708683473389 0.06736461251167138
6 0.14661764705882355 0.33420401493930907 0.2932352941176471 0.029267040149393134
6 0.67890625 0.41458333333333336 0.6421875 0.1875
6 0.8953125 0.5520833333333334 0.209375 0.08333333333333333
7 0.9557948179271708 0.5225513538748834 0.08840861344537813 0.03771942110177407
2 0.06786764705882353 0.31599206349206355 0.042645308123249306 0.042231559290382845
0 0.17419117647058824 0.33872782446311855 0.019663865546218507 0.032434640522875806
0 0.3048494397759104 0.3781419234360411 0.03007878151260508 0.036594304388421976
0 0.23673494397759104 0.32205182072829136 0.01094012605042014 0.026232492997198875
0 0.2495010504201681 0.34313958916900095 0.022650560224089667 0.03059056956115782
0 0.31401260504201683 0.35394957983193276 0.025134803921568593 0.033788515406162505
0 0.3077223389355742 0.33543183940242766 0.022006302521008436 0.025842670401493944
0 0.39856267507002807 0.3484733893557423 0.018968837535014015 0.0276820728291316
0 0.4398757002801121 0.38560690943043885 0.02595763305322123 0.0340709617180206