5 0.34293417366946777 0.3887371615312792 0.11317577030812327 0.35338702147525686
0 0.059541316526610655 0.48843137254901964 0.07294292717086834 0.07810224089635855
0 0.337687324929972 0.615030345471522 0.6714198179271709 0.10280578898225959
7 0.8389285714285715 0.6721031746031746 0.294390756302521 0.09744397759103644
0 0.8746638655462184 0.5282586367880485 0.0544537815126052 0.07181372549019602
0 0.474828431372549 0.435 0.04264705882352935 0.050700280112044756
0 0.4629429271708683 0.38598272642390286 0.03085084033613441 0.03541783380018669
0 0.4088620448179272 0.45932539682539686 0.020688025210084015 0.057252567693744184
0 0.2773844537815126 0.36820728291316535 0.015787815126050386 0.04922969187675067
0 0.2829184173669468 0.4085014005602241 0.006169467787114869 0.012222222222222238
6 0.18274509803921568 0.4141783380018674 0.18365196078431373 0.062082166199813216
3 0.20833333333333334 0.36529878618113915 0.12594362745098042 0.034703548085901065
7 0.08590686274509804 0.3666176470588235 0.11083683473389354 0.05122082166199817
3 0.2037535014005602 0.3306839402427638 0.09509278711484592 0.01773809523809528
6 0.09314425770308124 0.3245028011204482 0.1297549019607843 0.030917366946778675
6 0.21609243697478991 0.30417133520074696 0.10452906162464988 0.0367413632119515
6 0.19032387955182078 0.4678104575163399 0.18800770308123255 0.04663398692810456
7 0.512484243697479 0.3774019607843137 0.06896008403361335 0.02551587301587297
7 0.42456057422969196 0.3665079365079365 0.044460784313725556 0.02115079365079365
3 0.6769922969187675 0.37389122315592904 0.11160714285714288 0.02575630252100846
6 0.6931425070028012 0.46830532212885156 0.09890406162464985 0.11876517273576101
2 0.5850752801120448 0.47544117647058826 0.11178921568627445 0.07931605975723623
6 0.6371586134453782 0.4193954248366013 0.024317226890756237 0.020945378151260505
6 0.5162955182072829 0.4012418300653595 0.06787114845938369 0.019481792717086794
6 0.474828431372549 0.500485527544351 0.10362219887955178 0.03503968253968258
6 0.4239250700280112 0.3890196078431372 0.04645833333333336 0.02261904761904757
7 0.47528186274509804 0.3259663865546219 0.149171918767507 0.022819794584500504
7 0.6605689775910364 0.3423039215686275 0.0624282212885154 0.01629551820728293
3 0.9033385854341736 0.43077731092436977 0.174515056022409 0.031066760037348238
7 0.9546848739495799 0.4934617180205415 0.09062850140056007 0.09692343604108314
7 0.8793137254901963 0.46489262371615314 0.057703081232493146 0.03817460317460319
0 0.01171875 0.4375 0.0234375 0.06666666666666667