0 0.5114460784313726 0.46645658263305323 0.04331232492997206 0.048863211951447265
2 0.3461694677871149 0.4127707749766573 0.10014705882352937 0.054845938375350185
1 0.47546043417366946 0.3100700280112045 0.039929971988795464 0.15084967320261436
0 0.39052871148459384 0.34505368814192344 0.027533263305322152 0.032759103641456615
0 0.32298494397759103 0.37243464052287584 0.03445553221288513 0.03213352007469652
0 0.2708841036414566 0.31476423902894496 0.024341736694677873 0.025242763772175537
6 0.3330987394957984 0.3343160597572362 0.08179271708683471 0.03189309056956115
0 0.23512605042016807 0.381671335200747 0.03365021008403364 0.04030112044817926
0 0.2561362044817927 0.35793884220354816 0.034133403361344516 0.035345471521942076
0 0.23343487394957987 0.3396848739495798 0.021575630252100807 0.03490429505135388
6 0.1972076330532213 0.3405415499533147 0.055386904761904776 0.010852007469654505
5 0.12792191876750703 0.3212488328664799 0.07712359943977591 0.22473155929038285
0 0.014168417366946781 0.3142390289449113 0.028336834733893562 0.04197478991596645
0 0.008855042016806723 0.34484126984126984 0.017710084033613446 0.04263772175536881
0 0.008693977591036415 0.38048786181139127 0.01738795518207283 0.036650326797385564
7 0.059733893557422965 0.3139122315592904 0.05957282913165265 0.011692343604108283
6 0.06400210084033613 0.3645681605975724 0.05554796918767506 0.016400560224089606
6 0.23314250700280112 0.409563492063492 0.12043592436974793 0.05358309990662929
7 0.09950455182072829 0.48031279178338 0.1951435574229692 0.10105275443510742
7 0.2964985994397759 0.5235830999066294 0.19787990196078428 0.08841036414565823
7 0.5145063025210084 0.556514939309057 0.23394607843137258 0.04092203548085891
7 0.6580462184873951 0.47262838468720825 0.08533438375350144 0.11783613445378147
3 0.7681757703081231 0.42176003734827267 0.14233193277310924 0.053501400560224135
6 0.9199929971988796 0.7029785247432306 0.16001400560224077 0.5940406162464986
6 0.4368294817927171 0.8192483660130719 0.8736589635854342 0.36150093370681613
7 0.7966666666666667 0.35035714285714287 0.12558823529411764 0.0964355742296919
6 0.4726558123249299 0.410702614379085 0.13579831932773115 0.059281045751633954
3 0.5621130952380953 0.3657236227824463 0.0648196778711485 0.013151260504201663
7 0.5279429271708683 0.34597338935574234 0.06511379551820724 0.02478291316526615
7 0.415609243697479 0.3258263305322128 0.07625875350140059 0.024379084967320233
3 0.38011904761904763 0.3113492063492063 0.07215161064425772 0.00950280112044813
3 0.22276260504201684 0.30353174603174604 0.07596463585434172 0.040793650793650826
3 0.27717086834733895 0.2800560224089636 0.06335259103641455 0.03138888888888888
7 0.17774159663865546 0.307047152194211 0.022878151260504208 0.010282446311858115
7 0.5385014005602241 0.2937464985994398 0.07919117647058815 0.021227824463118595
3 0.6591456582633054 0.3572222222222222 0.0992927170868347 0.03318394024276377
7 0.6468820028011204 0.31228524743230623 0.05703431372549019 0.01896358543417366
7 0.702438725490196 0.32618113912231556 0.04935049019607849 0.021930438842203515
7 0.7198004201680672 0.35199813258636786 0.021129201680672338 0.02155462184873945