6 0.501313025210084 0.7947198879551821 0.9973739495798319 0.318611111111111
6 0.0375 0.29583333333333334 0.075 0.125
6 0.436109943977591 0.34837535014005605 0.14638480392156858 0.10555788982259576
6 0.6738007703081232 0.39387955182072837 0.37600315126050415 0.020758636788048554
6 0.7426663165266106 0.34575396825396826 0.20698179271708678 0.07795985060690948
6 0.5093820028011204 0.30178104575163395 0.29422794117647055 0.014063958916900059
7 0.3873774509803921 0.47222222222222227 0.2183070728291317 0.07649859943977594
7 0.759765406162465 0.4831792717086835 0.4804691876750701 0.052696078431372584
7 0.2585119047619048 0.3516059757236228 0.07765056022408964 0.1545448179271709
7 0.422233893557423 0.27647058823529413 0.30378501400560226 0.022864145658263297
7 0.8525595238095238 0.34828664799253034 0.25335784313725496 0.08817693744164336
3 0.9106477591036415 0.3878361344537815 0.132778361344538 0.014691876750700317
0 0.5139758403361345 0.41686041083099906 0.046790966386554625 0.05289915966386557
0 0.6798266806722689 0.32848739495798324 0.025397408963585378 0.034077964519140976
0 0.6064863445378151 0.29797385620915035 0.0218960084033613 0.0296732026143791
0 0.5294082633053222 0.3343300653594771 0.031018907563025166 0.03714052287581696
0 0.44087710084033616 0.3216830065359477 0.03026960784313726 0.03634453781512607
0 0.502267156862745 0.31447945845004666 0.0291526610644258 0.03373249299719892
0 0.5228151260504201 0.30336367880485526 0.02463935574229694 0.033277310924369745
0 0.3997023809523809 0.2676937441643324 0.02158963585434175 0.03088702147525678
0 0.29531162464985994 0.2899766573295985 0.02873599439775907 0.03395891690009343
0 0.34959558823529413 0.2790896358543417 0.0188567927170868 0.033050887021475246
5 0.32449579831932773 0.19667833800186743 0.025379901960784323 0.05282212885154062
2 0.4725455182072829 0.3513305322128851 0.07645483193277318 0.059250700280112055
1 0.753296568627451 0.24340802987861812 0.015194327731092371 0.05099673202614377