0 0.2514565826330532 0.440655929038282 0.04971988795518208 0.0593394024276377
2 0.25471638655462187 0.37606209150326797 0.08232492997198877 0.05730158730158728
0 0.24140231092436978 0.34301587301587305 0.042655812324929966 0.03685574229691871
0 0.0791999299719888 0.2947268907563025 0.013312324929971985 0.03482959850606911
0 0.1619310224089636 0.2947268907563025 0.032060574229691864 0.03482959850606911
0 0.2344747899159664 0.2923716153127918 0.02390931372549021 0.03228991596638657
0 0.31666316526610644 0.34881185807656395 0.031789215686274554 0.03105975723622786
0 0.3337797619047619 0.371734360410831 0.031789215686274554 0.04104108309990669
0 0.34913165266106444 0.3436484593837535 0.026626400560224094 0.030513538748832877
0 0.44694152661064424 0.3525256769374417 0.021734943977591036 0.028706816059757282
0 0.5042016806722689 0.3911204481792717 0.02784838935574232 0.029820261437908495
1 0.5576593137254902 0.3584733893557423 0.06058823529411761 0.16154061624649857
3 0.7052573529411765 0.4773225957049486 0.12104166666666671 0.03377450980392152
3 0.8801628151260503 0.615718954248366 0.20839110644257702 0.12798552754435116
3 0.9354621848739496 0.5326587301587301 0.12907387955182087 0.07162698412698418
7 0.48652661064425773 0.5425910364145659 0.5682563025210084 0.07056255835667595
6 0.5 0.7802240896358544 1 0.17862978524743223
7 0.0871656162464986 0.4987861811391224 0.16711659663865547 0.1255205415499533
7 0.036969537815126054 0.34084267040149396 0.06311974789915967 0.17512371615312797
5 0.10796218487394957 0.2542670401493931 0.06250525210084032 0.20320961718020544
7 0.328718487394958 0.31032446311858075 0.15967086834733896 0.042574696545284736
6 0.45713760504201684 0.4465592903828198 0.3483228291316527 0.06729691876750697
6 0.7537885154061627 0.4402124183006536 0.1648336834733894 0.08933706816059761
7 0.7173336834733893 0.39008169934640524 0.06498424369747902 0.01922969187675072
7 0.6329779411764707 0.4195238095238095 0.07373249299719883 0.04728758169934639
3 0.6285521708683474 0.39465686274509804 0.0792524509803922 0.02421101774042948