0 0.3724894957983193 0.49558356676003734 0.038359593837535046 0.0527684407096172
3 0.2389810924369748 0.4229551820728291 0.16205357142857144 0.014418767507002765
7 0.2573651960784314 0.49644724556489267 0.1857528011204482 0.13270774976657324
7 0.43415091036414566 0.5760037348272642 0.1688427871148459 0.0807002801120447
7 0.670826330532213 0.6176027077497666 0.15718662464985994 0.018368347338935585
7 0.8341369047619048 0.5789729225023343 0.17097338935574236 0.06093837535013999
7 0.9251803221288515 0.5059803921568627 0.11555147058823537 0.09233193277310932
0 0.8366596638655462 0.4649019607843138 0.030745798319327732 0.03681839402427632
2 0.7423739495798319 0.4630088702147526 0.04201855742296914 0.041232492997198854
3 0.6567997198879552 0.40450280112044823 0.06994572829131655 0.013380018674136332
1 0.5485486694677871 0.36473622782446313 0.03792016806722689 0.1265196078431373
3 0.5007668067226891 0.3958169934640523 0.06840861344537821 0.026755368814192337
0 0.48244747899159657 0.4166619981325864 0.02408438375350137 0.029505135387488342
0 0.4989093137254902 0.4515219421101774 0.031642156862745095 0.03772875816993467
0 0.35671043417366943 0.41867413632119516 0.027030812324929966 0.03352707749766578
0 0.5539303221288516 0.5211134453781513 0.04176295518207276 0.05700513538748832
0 0.5740423669467787 0.45823062558356675 0.026645658263305273 0.03577497665732956
0 0.6305374649859944 0.4516526610644258 0.026645658263305273 0.037992530345471565
0 0.6705059523809525 0.4754901960784314 0.031257002801120495 0.04159663865546222
0 0.7024054621848739 0.5346101774042951 0.04124999999999997 0.051204481792717145
6 0.6191351540616247 0.5076960784313725 0.08531862745098043 0.029145658263305306
6 0.7074002100840336 0.49111811391223154 0.038944327731092444 0.0103384687208217
6 0.592296918767507 0.4249953314659197 0.046246498599439786 0.021570961718020597
6 0.6817156862745098 0.44413165266106447 0.07442927170868341 0.025002334267040165
7 0.3658070728291316 0.3908543417366947 0.1943364845938375 0.010681605975723586
3 0.23161589635854343 0.38231325863678806 0.0666158963585434 0.02434407096171801
7 0.24634803921568632 0.3308823529411765 0.17448004201680672 0.01576797385620914
6 0.2417997198879552 0.34403828197945846 0.13540791316526615 0.017483660130718923
6 0.3499859943977591 0.3595915032679739 0.08044992997198878 0.03834033613445378
7 0.3610661764705882 0.34147525676937446 0.05572654061624647 0.02465919701213816
7 0.44068452380952383 0.3596732026143791 0.04816701680672271 0.019033613445378114
3 0.4473459383753501 0.3720588235294118 0.06764005602240904 0.007934173669467744
6 0.18818802521008404 0.36479925303454713 0.02433998599439775 0.021087768440709573
3 0.02619747899159664 0.3718884220354809 0.05239495798319328 0.011694677871148447
7 0.029656862745098038 0.34540849673202617 0.059313725490196076 0.03867180205415496
7 0.035933123249299724 0.3247292250233427 0.07033088235294119 0.011661998132586386