6 0.153125 0.8135416666666667 0.30625 0.3729166666666667
6 0.45103116246498604 0.5382189542483661 0.2595553221288515 0.09557889822595704
6 0.7012254901960785 0.5424299719887955 0.21022408963585432 0.08274042950513542
6 0.6790581232492998 0.47497665732959854 0.25252976190476184 0.05425070028011199
6 0.42993172268907565 0.4718253968253968 0.2191071428571428 0.04421335200746969
6 0.28119572829131656 0.43564659197012134 0.19999649859943977 0.027866479925303504
6 0.17753501400560226 0.43658029878618115 0.02833333333333332 0.016664332399626502
6 0.33476715686274516 0.4085690943043884 0.09705532212885153 0.020686274509803936
6 0.2110591736694678 0.40355042016806725 0.14860994397759103 0.01765406162464984
6 0.6680532212885154 0.4253688141923436 0.6603343837535014 0.10097105508870215
3 0.24035189075630256 0.5066573295985061 0.17198529411764704 0.03943043884220358
3 0.220390406162465 0.45498599439775916 0.07311449579831934 0.021183473389355712
3 0.021610644257703083 0.46239729225023346 0.043221288515406166 0.01016339869281045
3 0.4363532913165266 0.4202264239028945 0.06908963585434176 0.010912698412698419
3 0.4958700980392157 0.4428291316526611 0.08078431372549026 0.01782913165266109
3 0.6478676470588235 0.4333333333333334 0.06561099439775901 0.013828197945845016
7 0.3286116946778711 0.6010410830999067 0.32766806722689074 0.16265639589168998
7 0.541936274509804 0.6908660130718954 0.06598739495798327 0.02628384687208225
7 0.6999107142857143 0.6944397759103642 0.08647058823529416 0.024332399626517304
7 0.8677941176470588 0.6077684407096171 0.24690826330532217 0.16588935574229685
7 0.9729884453781514 0.5098249299719888 0.04271708683473392 0.02193977591036417
7 0.79203081232493 0.46946311858076567 0.31859243697479 0.0572082166199813
7 0.4035189075630252 0.40128384687208213 0.13779411764705887 0.024726890756302567
7 0.3107370448179272 0.3887301587301587 0.03926120448179269 0.006545284780578934
7 0.14231442577030812 0.39771008403361346 0.2835696778711484 0.02223856209150329
7 0.029233193277310925 0.4479271708683473 0.05846638655462185 0.03317927170868344
0 0.40337359943977596 0.5787651727357609 0.04012429971988798 0.05656629318394029
0 0.591327030812325 0.5853081232492998 0.04615021008403364 0.05449813258636785
0 0.7413515406162465 0.5865476190476191 0.04140756302521016 0.04871148459383766
0 0.3631004901960785 0.48538281979458453 0.028212535014005623 0.03498132586367883
0 0.5128256302521008 0.5059570494864613 0.03269257703081241 0.03886788048552757
0 0.48661764705882354 0.4652240896358544 0.024987745098039228 0.03026610644257701
0 0.5895868347338935 0.507280578898226 0.029725140056022427 0.038204948646125086
0 0.6432668067226891 0.49299953314659206 0.029656862745098066 0.036967787114846
0 0.6905287114845939 0.5173809523809524 0.03103116246498594 0.03853408029878622
2 0.7559786414565826 0.4927521008403361 0.04394432773109251 0.038125583566760095
0 0.8439390756302521 0.48149393090569553 0.027359943977591072 0.032168534080298745