0 0.5555969887955182 0.5999906629318394 0.058067226890756274 0.066204481792717
0 0.6727223389355743 0.5543697478991596 0.04553046218487396 0.05766573295985064
0 0.7412359943977591 0.5187231559290383 0.041351540616246574 0.044442110177404244
0 0.4312149859943978 0.500828664799253 0.032333683473389385 0.04032212885154062
0 0.49071253501400564 0.486451914098973 0.03387254901960777 0.03972455648926238
0 0.4984103641456583 0.4623949579831933 0.02815301120448179 0.026802054154995383
0 0.5784716386554623 0.47471755368814195 0.032552521008403446 0.0338492063492063
0 0.5879306722689076 0.420296451914099 0.02243522408963585 0.021785714285714283
0 0.2931950280112045 0.46753034547152195 0.0347531512605042 0.03179271708683468
2 0.5771533613445378 0.4434733893557423 0.05894782913165262 0.032948179271708726
6 0.4505707282913165 0.5482049486461252 0.4009716386554622 0.027738095238095183
6 0.6095955882352941 0.5141760037348273 0.0512482492997199 0.04062324929971991
6 0.4415528711484594 0.44493697478991595 0.20345588235294124 0.0182819794584501
1 0.3216789215686275 0.39053921568627453 0.032333683473389385 0.13999299719887962
7 0.4561799719887955 0.4185340802987862 0.22874999999999995 0.018263305322128904
7 0.6413778011204483 0.4220564892623716 0.07654236694677863 0.025305788982259613
7 0.7415668767507003 0.4666526610644258 0.0512482492997199 0.05115312791783377
7 0.8280339635854341 0.5831419234360411 0.12916491596638657 0.1855952380952381
7 0.4145255602240897 0.6598225957049486 0.7372846638655461 0.0693907563025211
3 0.07541666666666666 0.591610644257703 0.13817577030812322 0.12282446311858071
3 0.03949579831932772 0.42730392156862745 0.07330532212885155 0.01960084033613446
3 0.20127450980392161 0.44226657329598507 0.13144432773109244 0.026776377217553698
3 0.33840511204481794 0.4026493930905696 0.01895833333333332 0.018319327731092492
6 0.19732492997198878 0.4892390289449114 0.12544117647058822 0.08403127917833804
0 0.21644082633053224 0.5219234360410832 0.048026960784313746 0.054645191409897306
7 0.06745973389355743 0.4719631185807657 0.13491946778711486 0.06802754435107375
6 0.5046875 0.946875 0.990625 0.10208333333333333
6 0.8506442577030813 0.4367623716153128 0.14585784313725486 0.10190943043884222
6 0.959719887955182 0.5123739495798321 0.08056022408963592 0.10196078431372549