0 0.50078125 0.9177083333333333 0.1671875 0.16458333333333333
6 0.5762727591036415 0.6460597572362279 0.48261029411764705 0.3568534080298787
0 0.14238970588235295 0.47166199813258636 0.0746971288515406 0.09209617180205415
0 0.5577433473389356 0.4048459383753501 0.044059873949579755 0.056503267973856214
2 0.24159663865546221 0.5798412698412698 0.2170868347338936 0.13571895424836597
0 0.3390528711484594 0.4627684407096172 0.06419292717086833 0.07690242763772173
0 0.4093714985994398 0.3554808590102708 0.033263305322128824 0.04439775910364148
3 0.891106442577031 0.45459383753501403 0.12254901960784323 0.06262605042016804
0 0.040849089635854346 0.3386181139122316 0.04668592436974791 0.05476423902894491
1 0.6961957282913166 0.33904528478057894 0.08286589635854344 0.27503734827264237
0 0.26610644257703087 0.42346171802054156 0.056022408963585416 0.07505835667600375
0 0.2935346638655462 0.3903781512605043 0.05485469187675074 0.05090802987861807
6 0.26575630252100846 0.5663328664799253 0.4423441876750701 0.3654925303454715
7 0.17331932773109243 0.34172735760971057 0.34663865546218486 0.03297152194211014
3 0.4009103641456583 0.34718020541549954 0.1015406162464986 0.05321428571428572
3 0.5141228991596639 0.3144864612511672 0.06886029411764713 0.034509803921568626
3 0.6209156162464986 0.3491176470588235 0.09337009803921567 0.015074696545284757
7 0.7487167366946779 0.398562091503268 0.3629779411764707 0.11862978524743231
7 0.8492997198879552 0.3260480859010271 0.2353518907563025 0.054640522875817034
7 0.839124649859944 0.4136321195144725 0.2327415966386554 0.06699813258636785
7 0.6222986694677871 0.3684733893557423 0.07149334733893564 0.028169934640522833
6 0.49966561624649863 0.38007703081232497 0.07253676470588229 0.03745798319327728
6 0.6176015406162465 0.4137184873949579 0.07253676470588229 0.04629551820728288
6 0.24770483193277312 0.3072082166199813 0.47391456582633057 0.01119047619047618