0 0.20563375350140056 0.6068440709617181 0.07892682072829134 0.09163398692810461
0 0.1315738795518207 0.5486087768440709 0.06948529411764706 0.07038048552754432
0 0.1691299019607843 0.5001797385620915 0.05914915966386554 0.06686974789915971
0 0.0046875 0.64375 0.009375 0.0375
0 0.31122023809523813 0.4423926237161532 0.03616421568627448 0.050242763772175535
0 0.46598039215686277 0.4914869281045752 0.04494222689075631 0.05815359477124187
7 0.12232492997198881 0.43426237161531284 0.24464810924369748 0.041851073762838455
7 0.6475105042016807 0.45524976657329597 0.34520833333333345 0.07931605975723623
7 0.662906162464986 0.35887488328664807 0.054315476190476275 0.0084640522875817
7 0.84921875 0.378125 0.3015625 0.04375
2 0.09158088235294118 0.7778711484593839 0.18316176470588236 0.18204715219421103
6 0.13289565826330535 0.8499159663865546 0.2657913165266107 0.2997012138188609
6 0.42294292717086834 0.7783683473389356 0.7268277310924371 0.4432609710550887
6 0.562750350140056 0.5000816993464052 0.3893697478991596 0.11698646125116721
6 0.18238095238095237 0.4853921568627451 0.3647601540616247 0.08760971055088701
6 0.9401453081232493 0.437469654528478 0.06795168067226882 0.04757236227824464
6 0.7535101540616247 0.43177871148459385 0.241967787114846 0.06262605042016804
6 0.23499649859943972 0.38477591036414566 0.46448529411764705 0.05380252100840342
3 0.80297093837535 0.5283520074696546 0.11310224089635845 0.06778944911297848
3 0.9558385854341737 0.46996265172735757 0.08832282913165272 0.028431372549019566
3 0.30150385154061626 0.42718253968253966 0.11549369747899156 0.03468253968253971
3 0.42945203081232497 0.3757773109243698 0.08218662464985993 0.020007002801120423
3 0.5291666666666667 0.4148856209150326 0.0833053221288516 0.022964519140989736
1 0.6039460784313725 0.344204014939309 0.05082808123249301 0.08720821661998138