0 0.01640625 0.7614583333333333 0.0328125 0.10625
0 0.012620798319327737 0.6227054154995332 0.02523984593837535 0.06808823529411753
0 0.18803221288515407 0.5378641456582633 0.042818627450980376 0.053032212885154036
0 0.34865721288515406 0.5990079365079365 0.04915441176470585 0.06536181139122306
6 0.4390625 0.8354166666666667 0.525 0.32916666666666666
6 0.13285714285714284 0.5714239028944912 0.2657142857142857 0.07364845938375358
6 0.4742629551820728 0.601484593837535 0.4503081232492997 0.13794117647058832
6 0.19258928571428569 0.4579435107376284 0.38517682072829135 0.04744397759103644
3 0.34440826330532215 0.45620915032679743 0.08673319327731095 0.01832866479925303
3 0.42726015406162465 0.5015382819794585 0.0625647759103641 0.018678804855275406
3 0.717375700280112 0.6288678804855277 0.13549019607843144 0.08296685340802981
3 0.9113953081232493 0.5651423902894491 0.17720938375350137 0.047943510737628495
1 0.4881144957983194 0.44008169934640523 0.04308298319327726 0.09426470588235294
7 0.5856372549019608 0.5541129785247433 0.4012780112044817 0.09745331465919703
7 0.0645343137254902 0.5194911297852475 0.12420168067226893 0.028211951447245552
7 0.5829499299719888 0.5522689075630253 0.40340511204481794 0.09248599439775915
7 0.5561099439775911 0.44224556489262373 0.06709733893557424 0.01608776844070962
7 0.6956127450980393 0.4506816059757236 0.1919310224089635 0.031076097105508894
7 0.92265625 0.478125 0.1546875 0.03125
6 0.8545605742296919 0.5227264239028945 0.09112920168067226 0.06068860877684402
6 0.6562955182072829 0.5149393090569562 0.27456757703081236 0.0589542483660131
6 0.58124824929972 0.4684197012138189 0.12224264705882355 0.03514472455648925
6 0.7703343837535014 0.47274276377217556 0.2634768907563025 0.042742763772175486