6 0.3541824229691877 0.8532259570494864 0.4525980392156862 0.2875840336134454
6 0.33600315126050423 0.6385550887021476 0.4952135854341737 0.143391690009337
6 0.05115371148459384 0.586311858076564 0.10230567226890756 0.04043884220354812
6 0.5411327030812325 0.5348552754435107 0.30566876750700284 0.061531279178337964
6 0.46670168067226897 0.48603408029878625 0.1594117647058823 0.035193744164332345
6 0.762953431372549 0.5337698412698413 0.07843837535014 0.05626050420168074
6 0.6721638655462185 0.48913398692810456 0.2538375350140056 0.041391223155929066
6 0.14035889355742298 0.4730182072829132 0.27374299719887957 0.04043884220354812
6 0.733095238095238 0.46681372549019606 0.5338095238095238 0.07115546218487398
3 0.6028623949579832 0.6611811391223157 0.14313900560224085 0.10433940242763763
3 0.056384803921568624 0.5573342670401493 0.11276960784313725 0.04541783380018671
3 0.9801400560224091 0.8502614379084967 0.03971813725490207 0.0506069094304389
3 0.8287727591036415 0.5877077497665734 0.22526260504201687 0.05252801120448183
3 0.22580707282913165 0.4737908496732027 0.0935434173669468 0.020007002801120423
3 0.33834383753501396 0.5195121381886089 0.11850665266106439 0.027745098039215734
7 0.9708403361344538 0.91015406162465 0.058319327731092586 0.17969187675070017
7 0.9424719887955181 0.5641573295985061 0.026318277310924287 0.10617647058823536
7 0.7248021708683473 0.4866596638655462 0.4337570028011205 0.07516106442577027
7 0.44787815126050423 0.4593790849673203 0.0959086134453782 0.03051587301587304
7 0.4813410364145659 0.5808963585434175 0.3858963585434173 0.08510270774976665
1 0.3397461484593838 0.45937208216619985 0.042405462184873954 0.10587535014005607
0 0.18860119047619048 0.6445868347338936 0.06563375350140055 0.08258403361344549
0 0.020707282913165266 0.574075630252101 0.037641806722689075 0.06154295051353884