3 0.8987219887955182 0.9623015873015873 0.20255602240896353 0.07539682539682531
7 0.8 0.9572916666666667 0.053125 0.08541666666666667
3 0.43211834733893567 0.7376844070961718 0.18321253501400556 0.13340569561157806
3 0.1856827731092437 0.5663632119514473 0.11576330532212883 0.03720588235294121
3 0.031512605042016806 0.5124486461251168 0.06302521008403361 0.01898926237161535
3 0.6909891456582633 0.6329948646125116 0.21776085434173673 0.051704014939308963
6 0.2302573529411765 0.9044514472455649 0.34496848739495806 0.19062791783380012
6 0.2035189075630252 0.7340662931839402 0.4070378151260504 0.12430205415499529
6 0.3906057422969188 0.5783870214752568 0.328732492997199 0.06685107376283857
6 0.331624649859944 0.524703548085901 0.18705882352941172 0.04349906629318389
6 0.5453186274509805 0.5232983193277311 0.24855042016806728 0.037724089635854344
6 0.6279516806722689 0.5753524743230626 0.08468487394957976 0.06824929971988804
7 0.3257335434173669 0.6352194211017742 0.40070378151260505 0.09090336134453783
6 0.9640625 0.578125 0.071875 0.08541666666666667
6 0.6395693277310924 0.5077474323062557 0.5887202380952381 0.0906629318394024
6 0.17146008403361346 0.48774743230625595 0.3429184173669468 0.04575630252100839
7 0.8016981792717088 0.6038865546218488 0.03104166666666659 0.10421101774042943
7 0.800483193277311 0.5471405228758169 0.026521358543417417 0.011881419234360398
7 0.5849929971988795 0.5121568627450981 0.40016281512605045 0.06420401493930908
7 0.31196953781512604 0.49407096171802056 0.12585084033613442 0.026057422969187626
1 0.09219887955182074 0.5246545284780578 0.051565126050420185 0.12447712418300648