0 0.54375 0.4266666666666667 0.12083249999999998 0.16222333333333336
0 0.20666749999999998 0.26 0.09333249999999998 0.12889000000000003
0 0.24458250000000004 0.18611000000000003 0.06583250000000002 0.09222333333333335
0 0.34625 0.22055666666666665 0.0825 0.10333333333333333
0 0.40041750000000004 0.16389 0.0575 0.08111000000000002
0 0.4804175 0.21111000000000002 0.07083249999999998 0.09777666666666664
0 0.5754175 0.23111 0.0725 0.1
0 0.60375 0.21111000000000002 0.05083249999999998 0.1
0 0.6383325 0.18389 0.06333249999999999 0.08777666666666664
0 0.52875 0.185 0.05083249999999998 0.07666666666666666
0 0.79375 0.215 0.07583249999999998 0.09889000000000002
0 0.8629175 0.24889 0.0775 0.10666666666666667
0 0.8725 0.08333333333333333 0.04833249999999998 0.06444333333333335
0 0.9154175 0.085 0.0325 0.05
0 0.9454175 0.09 0.0425 0.04444333333333335
0 0.9679175 0.08889000000000001 0.02916750000000002 0.04222333333333333
2 0.5008325 0.65611 0.9983325 0.6877766666666666
2 0.5008325 0.19888999999999998 0.9983325 0.1444433333333333
1 0.4041675 0.11610999999999999 0.18333249999999998 0.043333333333333335
1 0.4945825 0.06222333333333333 0.1175 0.02666666666666667
1 0.6625 0.09889 0.09666750000000002 0.031110000000000006