0 0.5066675 0.47833333333333333 0.09 0.12777666666666665
0 0.5966675 0.29111000000000004 0.06 0.09110999999999998
0 0.7158325 0.25166666666666665 0.06 0.08110999999999997
0 0.7320825 0.30389000000000005 0.08083249999999999 0.09000000000000004
0 0.9079175 0.27 0.07083249999999998 0.08666666666666667
0 0.8541675 0.34110999999999997 0.085 0.10888999999999999
0 0.895 0.40055666666666667 0.08833249999999998 0.10777666666666665
0 0.9733324999999999 0.3994433333333333 0.053332499999999984 0.11444333333333331
0 0.9675 0.33555666666666667 0.065 0.09111000000000001
2 0.50125 0.8677766666666666 0.9975 0.2644433333333333
2 0.26075 0.5783333333333334 0.5215 0.71
2 0.741625 0.24833333333333332 0.51675 0.056666666666666664
2 0.14416750000000003 0.17666666666666667 0.2883325 0.13333333333333333
2 0.6458325 0.12222333333333334 0.7083325 0.028889999999999985
3 0.187 0.2826666666666667 0.374 0.21666666666666667
3 0.71375 0.17555666666666667 0.5725 0.028890000000000006