3 0.572375 0.6821666666666667 0.12325 0.6356666666666667
3 0.5066675 0.245 0.01666750000000002 0.06777666666666664
3 0.7045825 0.20722333333333331 0.3925 0.023333333333333334
3 0.94625 0.20944333333333334 0.0875 0.02555666666666669
3 0.8316675 0.29055666666666663 0.295 0.027776666666666644
2 0.2104175 0.40166666666666667 0.4191675 0.55
2 0.7025 0.2 0.5783325 0.031109999999999974
2 0.6404175 0.24 0.06583249999999999 0.04444333333333331
2 0.81375 0.25111 0.3441675 0.013333333333333334
2 0.87625 0.4777766666666666 0.2475 0.24666666666666667
2 0.877875 0.3415 0.24425 0.025666666666666667
1 0.6383325 0.355 0.24833249999999998 0.02555666666666669
1 0.43 0.27555666666666667 0.13666750000000003 0.017776666666666642
1 0.6825 0.27777666666666667 0.075 0.03777666666666664
0 0.970375 0.4081666666666667 0.05925 0.079
0 0.7817225 0.23746 0.028592499999999972 0.03313333333333336
0 0.722935 0.22427666666666668 0.02484999999999991 0.03170999999999996
0 0.7533975 0.22303 0.023247499999999945 0.028503333333333332
0 0.7415075000000001 0.21822 0.016032500000000026 0.028146666666666684
0 0.8499924999999999 0.22071666666666667 0.02565249999999992 0.03099666666666667
0 0.79134 0.22321 0.027522500000000037 0.03384666666666666