0 0.6616675 0.4866666666666667 0.14166750000000003 0.17110999999999998
0 0.5595825 0.40110999999999997 0.1175 0.14889000000000002
0 0.33041750000000003 0.43277666666666664 0.09916750000000002 0.13666666666666666
0 0.2508325 0.56 0.11333250000000002 0.15110999999999997
0 0.1758325 0.70111 0.14333250000000003 0.18
0 0.0504175 0.7055566666666667 0.10083249999999999 0.1644433333333333
0 0.0179175 0.5533333333333333 0.0358325 0.1044433333333333
0 0.1554175 0.5283333333333333 0.1125 0.14110999999999999
2 0.0958325 0.3894433333333333 0.191665 0.23222333333333336
2 0.5958325 0.26055666666666666 0.8083325 0.12333333333333334
2 0.5070825 0.03389 0.0975 0.06777666666666667
2 0.58875 0.03333333333333333 0.2625 0.06666666666666667
2 0.1983325 0.13055666666666668 0.395 0.26111
1 0.06375 0.31888999999999995 0.1225 0.05555666666666665
1 0.2466675 0.11944333333333333 0.12500000000000003 0.04777666666666668
1 0.4179175 0.10611 0.1358325 0.09666666666666666
1 0.987875 0.08433333333333333 0.02425 0.12666666666666668
3 0.3770825 0.055 0.1541675 0.11
3 0.6683325 0.09333333333333334 0.6633325 0.1555566666666667