0 0.0595 0.5926666666666667 0.119 0.15
0 0.7620825 0.5016666666666667 0.1075 0.12777666666666665
0 0.1445825 0.3416666666666667 0.07583249999999998 0.09666666666666666
0 0.2783325 0.2844433333333333 0.056667500000000016 0.07777666666666665
0 0.3058325 0.32777666666666666 0.07166750000000002 0.08666666666666663
0 0.46708249999999996 0.39277666666666666 0.0775 0.10110999999999998
0 0.4208325 0.3444433333333333 0.06666750000000002 0.09333333333333334
0 0.46 0.2722233333333333 0.055 0.07555666666666669
0 0.5466675 0.36666666666666664 0.07833249999999999 0.09333333333333334
0 0.52375 0.32111000000000006 0.0575 0.08444333333333334
0 0.7691675 0.4255566666666667 0.08333249999999998 0.10666666666666667
2 0.637235 0.87022 0.72503 0.2595600000000001
2 0.5 0.3394766666666667 1 0.20277000000000003
3 0.277175 0.21127333333333334 0.5543475 0.053636666666666694
3 0.941515 0.15829000000000001 0.11696749999999997 0.020929999999999987
3 0.9282699999999999 0.24267 0.14346000000000003 0.05625333333333333
1 0.6186125 0.21192666666666665 0.12852999999999998 0.060176666666666656
1 0.8442775 0.14979 0.11479500000000008 0.03532000000000001
1 0.941515 0.22108333333333333 0.11696749999999997 0.020929999999999987