0 0.5179175 0.4622233333333334 0.18083249999999998 0.2244433333333333
0 0.18875 0.13944333333333334 0.1175 0.15222333333333332
0 0.4595825 0.09611 0.09083249999999998 0.11666666666666667
0 0.36416750000000003 0.06833333333333333 0.08 0.12555666666666668
0 0.1579175 0.10555666666666667 0.1175 0.12
0 0.1629175 0.06333333333333334 0.0975 0.12666666666666668
0 0.03325 0.14866666666666667 0.0665 0.16
0 0.04 0.07671666666666667 0.08 0.13111
2 0.4995 0.8833333333333333 0.999 0.23333333333333334
2 0.7829175 0.28944333333333333 0.42916750000000004 0.49666666666666665
2 0.30916750000000004 0.040556666666666664 0.6183325 0.08111
1 0.9374825 0.11166666666666666 0.12503250000000002 0.03666666666666667
3 0.9287325 0.13333333333333333 0.14253250000000003 0.08666666666666667