0 0.5195825 0.49889 0.10583249999999998 0.12889000000000003
0 0.51625 0.29055666666666663 0.06416750000000002 0.09889000000000002
0 0.6129175 0.23833333333333334 0.05916750000000002 0.09
0 0.6566675000000001 0.285 0.07833249999999999 0.09889000000000002
0 0.7891675 0.2322233333333333 0.06833249999999998 0.07110999999999998
0 0.7775 0.30222333333333334 0.075 0.10000000000000003
0 0.8391675000000001 0.35389000000000004 0.08666750000000002 0.11
0 0.8745824999999999 0.2816666666666667 0.06916750000000002 0.08777666666666664
0 0.9141675 0.33444333333333337 0.08333249999999998 0.10444333333333335
0 0.985375 0.3415 0.02925 0.11233333333333333
2 0.23666750000000003 0.6177766666666666 0.3383325 0.7644433333333334
2 0.5341675 0.9216666666666666 0.9266675 0.15666666666666668
2 0.6470825 0.23055666666666666 0.5591675 0.056666666666666664
2 0.47375 0.13777666666666666 0.9475 0.09777666666666668
1 0.89 0.1644433333333333 0.09 0.053333333333333316
3 0.105 0.2805566666666667 0.21 0.1566666666666667
3 0.5570825 0.16944333333333333 0.5875 0.054443333333333344