0 0.345 0.58875 0.22666666666666666 0.165
0 0.41833333333333333 0.44 0.16666666666666666 0.1225
0 0.23416666666666666 0.276875 0.14166666666666666 0.11125
0 0.04833333333333333 0.32125 0.09666666666666666 0.13
0 0.043333333333333335 0.2275 0.08666666666666667 0.1225
2 0.58 0.23 0.44333333333333336 0.3525
2 0.7906666666666666 0.906875 0.418 0.18625
2 0.21666666666666667 0.0775 0.43333333333333335 0.055
1 0.8766666666666667 0.043125 0.21 0.02875
1 0.36333333333333334 0.0275 0.14666666666666667 0.055
3 0.8266666666666667 0.079375 0.18666666666666668 0.09625